17166174741
17166417650
17166586621
17166608044
17166696733
17167058682
17167191528
17167219910
17167223586
17167267988
17167326917
17167337552
17167376477
17167467763
17167471593
17167567874
17167577462
17167588712
17167601427
17167648604
17167745230
17167797370
17167828390
17167863232
17167881068
17167898884
17167977564
17168018403
17168897917
17169160685
17169226672
17169446406
17169476559
17169528960
17169537934
17169661050
17169728315
17169853141
17169934847
17246445509
17246456348
17246486340
17246493789
17246716356
17246737148
17246761201
17247017203
17247023864
17247154413
17247172656
17247543204
17247800244
17247812529
17247821328
17247923824
17248003108
17248046868
17248066792
17248172159
17248207027
17248213531
17248716861
17248792748
17248814576
17248885548
17248956411
17248965428
17249016235
17249074070
17249096215
17249285919
17249480867
17249492206
17249512176
17249572524
17249656963
17249972545
17262375380
17267270387
17345376132
17345631435
17345684634
17345815837
16814814895
16814843928
16814884456
16814916036
16814993084
16815004729
16815052710
16815081065
16815101450
16815155815
16815165990
16815223064
16815254757
16815324040
16815396678
16815406815
16815445378
16815506050
16815782423
16815814409
16815858416
16815885079
16815895008
16815952945
16674772403
16675298947
16675679065
16675765892
16676444807
16676463835
16676474665
16676567201
16676575879
16676608501
16676615020
16676624314
16676631429
16676642487
16676654608
16676684903
16676696259
16676703662
16676761469
16676878889
16677278033
16677557186
16677580500
16677668552
16677671717
16677724538
16677753961
16677786649
16677886570
16678426283
16678489178
16678537516
16678683567
16678871541
16678952928
16679624279
16679663552
16802035276
16802092298
16802202762
16802252740
16802265109
16802276746
16802285916
16802302458
16802312611
16802323986
16802331080
16802342610
16802353859
16802362662
16802386399
16802402123
16802476212
16802502266
16802552802
16802682938
16802708043
16802777372
16802802532
16802886501
16802995448
16803005095
16803335671
16803367846
16803457366
16803465747
16803485507
16803803066
16803849190
16803862529
16803884223
16803998988
16804007452
16804226525
16804326955
16804358949
16804651532
16804776018
16804887118
16804994853
16805006662
16805290215
16805778043
16805885105
16805995890
16806006043
16806397754
16806557410
16806603382
16806772073
16806818948
16806884351
16806906718
16806994822
16807324056
16807708763
16807774990
16807805033
16807864981
16807881122
16807896154
16807993255
16808085920
16808296350
16808429293
16808447404
16808486670
16808708986
16808808515
16808872992
16808991854
16809019072
16809226960
16809467582
16809556910
16812249828
16812263681
16812270024
16812280134
16812307143
16812314066
16812332041
16812347589
16812369349
16812377054
16812393069
16812406110
16812434010
16812446249
16812500581
16812515057
16812525487
16812545092
16812565236
16812575287
16812588383
16812592950
16812612855
16812638822
16812672785
16812693734
16812704869
16812722464
16812737051
16812745994
16812752602
16812767577
16812772346
16812817008
16812845001
16812906768
16812914676
16812924219
16812935057
16812952226
16812965104
16812973291
16812994926
16813018824
16813023258
16813056539
16813076023
16813084411
16813098545
16813104565
16813124056
16813163664
16813203047
16813241704
16813255748
16813273105
16813293054
16813302615
16813313521
16813335660
16813353168
16813376335
16813453207
16813463103
16813482967
16813523026
16813534831
16813543458
16813557878
16813573234
16813582106
16813596171
16813634674
16813646132
16813664140
16813677930
16813726563
16813743032
16813758007
16813766183
16813775862
16813814832
16813832821
16813843387
16813873162
16673027343
16813886057
16673043447
16813943261
16673103519
16813953837
16673152648
16813994486
16673163045
16814008269
16673173163
16814017603
16673186221
16814025585
16673193224
16814035907
16673227996
16814054817
16673231697
16814071829
16673246775
16814102413
16673268027
16814127245
16673273190
16814131095
16673284008
16814143438
16673296193
16814156733
16673338803
16814162294
16673371938
16814186527
16673386838
16814194968
16673391050
16814255201
16673400578
16814333017
16673417781
16814343054
16673452643
16814358004
16673466342
16814425484
16673473324
16814442870
16673532552
16814458181
16673563988
16814483151
16673573707
16814564621
16673586695
16814595788
16673597897
16814667811
16673603445
16814696132
16673617405
16814772163
16673632011
16673653352
16673683251
16673691157
16673706397
16673717972
16673748254
16673766712
16673775544
16673786537
16673807717
16673815139
16673828031
16673831057
16673873622
16673886278
16673961867
16673977983
16673995386
16674262359
16674278201
16674646605
16674674215
16674760554
16106240912
16106658685
16106715219
16106735535
16106769103
16106998728
16107086474
16107134231
16107265796
16107289005
16107440998
16107498795
16107536079
16107570732
16107605015
16107658912
16107734089
16107780018
16107826119
16107839919
16107852510
16107883450
16107958359
16108019159
16108030620
16108067227
16108186206
16108193699
16108201244
16108270024
16108438867
16108537989
16108607479
16108776044
16108849965
16108902906
16108949455
16108979910
16109039814
16109241471
16109304152
16109349657
16109437419
16109577669
16109618487
16109623328
16109677598
16109778524
16109787846
16109821773
16109836754
16109883543
16146148429
16163877974
16164002813
16164040210
16164143799
16164418723
16164491290
16164832967
16164897884
16164935006
16165005140
16165042170
16165120526
16165153158
16165224413
16165248039
16165453187
16165570402
16165777303
16165804874
16166016737
16166129009
16166254589
16166616708
16166916126
16166934419
16167525964
16167578910
16167665722
16167948935
16168004642
16168771575
16168794315
16168987368
16169522485
16169849320
16182092687
16183867641
16185647072
16185686809
16185719139
16185917716
16186035596
16186263988
16186271146
16186303991
16186523079
16186574068
16186743916
16187337528
16187457275
16187482564
16187647235
16188058117
16188148732
16188454202
16188648145
16188675327
16188912439
16189337521
16189405944
16189831693
16189843329
16189968482
16402076679
16402083940
16402097853
16402124190
16402134471
16402146086
16402161662
16402176171
16402183082
16402207780
16402211583
16402232321
16402246492
16402665580
16403005526
16403441693
16403453548
16404003318
16404446821
16405006846
16406148390
16406444228
16406505993
16408003649
16076671916
16408666819
16076695058
16409007297
16076706588
16592179101
16076785899
16592200727
16076885230
16592238570
16076955414
16592240692
16076976786
16592259356
16077036256
16592270011
16077067731
16592290003
16077083789
16592300002
16077132706
16592312448
16077157768
16592333386
16077367004
16592368701
16077477682
16592370105
16077574560
16592382938
16077817105
16592403527
16077871402
16592440246
16077894430
16592451363
16077926532
16592470931
16077945430
16592494140
16078282629
16592503162
16078290275
16592525076
16078336249
16592540875
16078352727
16078367820
16592632176
16078384112
16592661272
16078427007
16592671625
16078469567
16592766085
16078628408
16592770790
16078672673
16592820282
16078716046
16592878384
16078756428
16593995185
16078772176
16595007278
16078784414
16596009343
16078918343
16596551993
16078986115
16597248103
16079002517
16597329463
16079023860
16597461701
16079225592
16597771421
16079448686
16597862590
16079489385
16597996095
16079665181
16598420622
16079902652
16598995382
16083409728
16599002393
16083601196
16599038201
16084320637
16599996305
16084789423
16672797863
16085082623
16672801153
16085441589
16672824624
16085494211
16672837588
16085640604
16672847187
16085702005
16672850138
16085836357
16672872329
16085856329
16672885581
16085918998
16672910161
16085938560
16672934115
16085943098
16672941708
16085979934
16672984205
16085997746
16673011778
16086003875
16086021808
16086058470
16086079735
16086105270
16086234890
16086504026
16086538857
16086550122
16086562325
16086668988
16086804907
16086845626
16086865477
16086913858
16086943864
16086994070
16087024624
16087058077
16087063458
16087081884
16087105629
16087149535
16087175125
16087307846
16087464113
16087535091
16087667792
16087737190
16088032984
16088134722
16088185055
16088308684
16088628881
16088665950
16088835532
16088924423
16089127855
16089250010
16089442113
16089675382
16089758912
16089793029
15518423002
12403667041
17603920216
15165228772
16787235048
16094294059
15404169391
14128915747
14422460001
13154091006
14436256753
13155651024
14128150032
16672955067
13155994076
12407124021
15713062411
17248625552
15516882001
16098360118
13153674446
15046120204
16317717002
15403249904
15024971023
14843629071
17179311044
15185393042
13018952116
15703908294
14345352073
15714086483
15182796102
15705200174
15028346001
15852058396
16094147003
15713960075
15189800243
17246388226
15404021004
16075980018
15406851044
12347031157
12675532050
15719323193
15702323150
16787128189
14127461006
16095274188
13478757046
13159886997
14846160010
17603646003
17178500002
16076980156
16313926009
16317064267
14845400031
15409471124
14708799002
13013752006
13159954972
16788920213
17242496150
15709890322
15714088023
16788847516
17178830018
17246133024
14845481033
15185520007
16075625040
12674272083
14122127044
14708396039
14703152510
17249090262
16783378043
14433325005
15513550007
13476701113
12764094001
15406850007
17036876027
13154172323
15187159003
17605373233
15406980026
17326408247
14435935122
16783403902
15713161490
15712492167
12343482257
12674224144
17605071147
17176148667
15026327001
15168375030
15403089052
16073767009
17179640002
14844433154
14128873454
14706321055
12723050004
16072182203
12402943093
17243814271
17178848981
17174619404
17165149001
17328568919
15185093463
17039887126
17244534119
15043009004
15025186002
17069278183
16788273513
15049779006
17704620018
14048320870
15163664172
17242622233
17244534282
13157917827
16783108266
16075101024
16104778002
14845250110
15404925003
16789678933
12409223001
13018424015
16673788001
14125369002
15704811535
17166089003
15043261034
15046416017
16784007073
14848990131
14435379037
16785611624
17066095025
15714454018
14435351746
13156868556
16786611416
14704990799
15408350085
14438081022
15166544023
14434905365
12675513404
17329658048
13159880014
14846193944
14127107064
14437384002
16095261003
15403397367
15026323022
15044751021
15027711427
15404914346
13479790020
13155857009
12409400083
16789403378
16094342014
15716369001
14702282225
14435852302
16319829054
14708692279
17169425005
16675771084
16788262016
15046352055
16098505001
15164471179
13478081113
16802441002
17175352283
14846795218
15407530570
14846730369
16679662304
16073071096
14125049079
16315285169
14707242048
16097935464
15714294001
17243930023
12409322025
17248019055
14108343043
15182843316
17164028004
14702414058
15405430292
14707029001
14706950150
12409371002
17624450102
12678883704
17704646356
15042660049
15717749001
17605071486
13155521028
17178044463
14125025074
13155081564
16098313086
14703260108
15707753003
12406001009
14422566044
17067497067
14842900031
15166992021
13477742229
13156299108
12763835001
15403028109
15168752606
17179005202
15714296705
13019712126
13474642697
12407558207
15719697205
12728670367
14129686001
16072783406
13476901013
16075275202
17178201234
13478507927
15714924201
14434918544
15403698333
14123471005
15717321006
13159933062
15713933218
15708385938
13018455018
15048672882
15716344466
14849171611
15168989485
17175532018
15713061044
15715691003
15705344160
16787225146
15166364027
12678070179
15168282001
15184810042
17064181014
13016604088
16783884574
17326465608
12676912302
13156691029
14348001006
16073830039
15702217196
17704628147
14437471528
16093592425
16093758012
17164272021
13016839221
14346230056
14434907311
15715779004
15165440130
15406025062
15512230909
17064132003
15714612496
14422680054
17706093028
15402124044
17162411357
14433794706
16787449533
14128664006
13019094199
13474676053
12344020021
15408380020
17065216021
17172888007
17035947200
13019095011
14124499203
15166000204
13156672012
13015399176
16788713678
14436718124
17325153633
12402593003
15187592001
16075452001
17622002003
16313928467
15025149003
15189070049
16094365001
15045410004
17038295811
17063810798
14124405002
15403071079
15183879455
17064317376
15162105046
17608951282
17063837692
15713632113
13156152001
17245654323
13309385043
15029540009
12767628055
16073580006
15513690023
15704811252
17603491230
12404196008
13473846189
13155149130
15045412003
14434703021
14708512009
17622541014
15162437014
15406803008
16785903043
14124388009
15405792090
13018923249
15715625015
17327162186
16787192003
15182415187
15706727380
16672681458
15022428397
13478609914
17165880013
15517510551
16785057897
17176071797
17169807202
13477791025
15168203002
17244928158
14433321840
17329923201
14348860230
12674041182
14128151344
15165910013
15045027007
12722237050
12407942012
12408907005
13475545137
12403315002
14702481033
16096304656
14438602078
15715353069
14704689151
15854374003
14433438043
17036569852
17244908225
16319099029
16787269012
15027919074
13159710002
15165345001
12406303026
15046990014
15183033055
16318039765
15182992035
16095439188
15187390359
17328067252
15024679018
14842469043
17604242012
13159653322
14433993002
15708102001
13158137017
17622680018
12409241004
17177399185
14436092229
14706820864
15166040001
13019686088
17047621918
15854967205
17178318949
16785401234
13306483143
17603948013
15165150507
15702178010
12409630015
14127011041
15186566018
16092480733
15404562304
13157606001
15183084011
15706164038
17174612960
16072646002
15703991065
17174298467
16076278009
15717668057
12402443007
13155045243
17178205082
16788794035
16073192051
17068019003
15703609002
17327099011
12675855026
15404139007
14346967002
13305488037
17323512243
15704138454
17624411428
12674954345
14122546097
16676569001
15407550881
15702667026
15403280377
12406704206
14342884454
12678578570
17036349487
15718428411
12408750609
17066429060
15046033221
15023526222
16106740383
16316157047
14047930023
15713569021
14438924927
16786316309
14707631377
14843780075
13156889195
13158400073
15719696366
12405251002
15713365183
12763255573
17622984001
16676260003
15713061744
14345009006
17066098044
13308091273
15024302027
14125643010
16678996001
15714456353
12403918611
12404598566
13155990178
15518005149
15045398002
16672970059
15043564028
15406031230
14433283040
14707138001
13014586105
15405073006
13156162229
15703908137
16074170017
15409232665
17246389250
13158788101
15165008012
14708193130
15714701734
13019698166
12676303521
17179730003
17064138092
16785092526
14347381015
17246355054
12403471616
16093622215
14439641005
15048140904
17037186917
13153255005
15183453024
13308997046
17165018046
15167370006
15029918001
14122066012
16785050205
14127480005
16319565023
16673514948
16073392003
13479156431
15408830002
14708664002
15404220094
15704465542
14705981401
12674862025
14846066178
15047549009
16785329236
14436988041
15712955625
12403219504
15854968189
17036619762
12343650004
13155038348
14439732001
17604598012
17244801738
14342334035
16098078062
16785050009
16074426083
13477706294
17174612709
15702168374
13014580545
15165378910
17627581170
16317710040
15187326600
15026227208
13013046028
12407184069
16316218021
17622861023
16317694002
17324660291
16316195940
14432676011
16072960021
17625830626
17622657305
15186770276
13013885204
15024656033
15713848082
15167580004
14435458002
14709462012
14123578006
16097226020
16076478318
16076786002
13476900015
17162650021
16785401071
15189635001
15717622023
17167320124
13016151016
14433188040
16075580014
13018186023
17325886104
17246483597
12677193125
14843524002
15026319046
15713101516
16077831008
15403281394
17169805140
17245696214
15043023901
12723130114
15715694085
14846131053
17164522004
13014943006
15183335046
15187414007
14847301007
17165619001
12675638078
17169482064
16078753012
15858618302
15713226748
17164665118
15046034003
17249126227
14107758419
13157621014
16788565268
17175960432
17069704016
15703923239
15716516630
13153094005
14435843001
14436264114
15402421305
17176105432
17327056001
16093162475
12404284017
16098361004
12675296256
15714089808
15717339027
14433518840
15712930902
12404666206
12349012004
12407048001
15409864025
16676571002
15703385054
13479549725
17175960133
15713531023
16314103058
14345351406
15712977513
16679665001
16315336121
17162563014
14707953067
15712507006
17177396003
17175271009
14109210343
15515794443
12407944001
12347141252
12408502010
12763235002
13159364877
16097665032
16673538423
16092322638
17066229018
13157454448
14706460004
13159927297
17244700008
14845523012
15048143038
14129470020
13479413012
17169062049
14705021340
15182612085
17245942337
16077446002
14436483001
15049308210
17244362388
13017789016
15406926201
14706681977
